Plaintext testu to 156
Seed liczb losowych to 654

Liczba zestawow to 30
Zestaw 30, 42, 42 .
34232	37188
34034	37730
34374	37463
34298	37734
34411	37226
34306	37273
Zestaw 31, 42, 42 .
35101	38164
34960	38056
34945	38341
34941	38012
34782	38290
35128	38307
Zestaw 32, 42, 42 .
35421	39390
35272	39524
35612	39086
35708	38993
35467	39408
35389	39270
Zestaw 33, 42, 42 .
35629	40768
36108	40016
36197	39894
35927	40444
35901	40587
35925	40105
Zestaw 34, 42, 42 .
36592	40897
36652	40866
36451	41721
36687	40881
36494	41007
36756	40698
Zestaw 35, 42, 42 .
37227	41782
36950	42211
37155	42122
37278	41963
36909	41871
37185	42180
Zestaw 36, 42, 42 .
37618	42777
37571	42929
37953	42520
37693	42548
37664	42574
37640	42391
Zestaw 37, 42, 42 .
38145	43646
38088	44071
38244	43659
38288	43494
38124	43794
38063	43766
Zestaw 38, 42, 42 .
38721	44718
38754	44366
38480	44629
38683	44214
38782	44465
38850	44700
Zestaw 39, 42, 42 .
39262	45075
38983	45527
39203	45140
38845	45641
39278	45031
38956	45759
Zestaw 40, 42, 42 .
39304	46183
39709	45938
39703	46145
39848	45561
39389	46555
39567	45731
Zestaw 41, 42, 42 .
40349	46478
40097	46727
39719	47171
39967	47209
40275	46460
40146	46995
Zestaw 42, 42, 42 .
40556	47943
40586	47798
40876	47391
40546	47285
40476	47643
40476	47640
Zestaw 43, 42, 42 .
40603	48590
40650	48808
40717	48386
40740	48225
40907	48663
40936	48723
Zestaw 44, 42, 42 .
41173	49243
41548	49194
41277	49364
41352	49223
41143	49525
41311	49050
Zestaw 45, 42, 42 .
41655	50090
41488	50340
41616	49821
41462	50627
41895	49717
41523	50005
Zestaw 46, 42, 42 .
41988	51070
42026	50850
41896	50927
42067	50851
42282	50534
42040	51043
Zestaw 47, 42, 42 .
42338	51556
42759	51192
42437	51695
42398	52154
42221	52015
42297	51520
Zestaw 48, 42, 42 .
42619	52614
42314	52540
42558	52548
42349	52498
42302	52811
42528	52372
Zestaw 49, 42, 42 .
42898	53277
42955	53203
43096	53267
43268	53000
42858	53379
42791	53490
Zestaw 50, 42, 42 .
42911	54187
43046	54288
43012	54608
42993	53978
43463	53598
43123	54403
Zestaw 51, 42, 42 .
43686	54729
43425	54387
43688	54576
43696	55054
43531	54516
43317	55833
Zestaw 52, 42, 42 .
44134	55983
43904	55994
43665	55631
43729	55785
43686	55410
43767	55464
Zestaw 53, 42, 42 .
44206	56024
44365	56136
44074	56104
44083	56107
43980	56266
43491	56775
Zestaw 54, 42, 42 .
43889	57489
44359	57346
44396	57115
44283	57065
44304	56968
44236	57732
Zestaw 55, 42, 42 .
44130	58465
44684	57476
44540	57857
44488	57839
44713	57965
44512	58148
Zestaw 56, 42, 42 .
45339	58331
44627	59049
44823	59055
44896	58644
44422	58865
44984	58178
Zestaw 57, 42, 42 .
44459	60331
44984	59539
45246	58928
44675	59671
45280	58519
44791	59278
Zestaw 58, 42, 42 .
45663	59812
45080	60284
45464	59864
44863	60590
45454	60318
44799	60262
Zestaw 59, 42, 42 .
45218	61154
45575	60601
45112	61814
45713	61283
45760	60910
45722	60888
